24082
33616
33660
33661
33662
33663
33664
33665
33666
33668
33669
33670
33671
33672
33673
33674
33675
33676
33677
33678
33679
33680
33681
33682
33683
33684
33686
33687
33688
33689
33690
33691
33692
33693
33694
33695
33696
33697
33701
33702
33703
33704
33706
33708
33711
33712
33714
33716
33719
33744
33783
33784
33785
33786
33787
33788
33789
33790
33792
33795
33797
33798
33799
33800
33801
33803
33804
33807
33809
33810
33811
33812
33813
33814
33815
33816
33817
33824
33825
33826
33827
33828
33829
33830
33831
33833
33834
33835
33836
33837
33838
33840
33841
33842
33844
33845
33846
33847
33849
33850
33851
33852
33853
33855
33856
33857
33859
33860
33861
33862
33864
33865
33866
33907
33908
33909
33910
33911
33913
33914
33916
33917
33918
33919
33920
33921
33922
33923
33924
33925
33926
33927
33928
33929
33930
33946
33948
33950
33952
33954
33955
33957
33959
33961
33962
33965
33967
33970
33972
33978
33983
33985
33988
33991
33993
33995
34003
34005
34007
34008
34011
34012
34015
34017
34018
34020
34021
34022
34026
34027
34029
34030
34031
34032
34034
34035
34036
34037
34038
34040
34041
34042
34043
34044
34045
34046
34047
34048
34049
34050
34051
34052
34053
34054
34055
34056
34057
34058
34059
34060
34061
34062
34063
34064
34065
34066
34067
34080
34082
34083
34086
34088
34091
34094
34096
34097
34098
34100
34103
34104
34106
34108
34109
34110
34112
34113
34116
34117
34118
34119
34120
34121
34122
34123
34124
34125
34128
34129
34130
34131
34134
34146
34147
34148
34149
34150
34151
34152
34153
34154
34155
34156
34157
34158
34159
34160
34161
34162
34163
34164
34165
34166
34167
34169
34170
34180
34184
34187
34191
34195
34196
34202
34203
34206
34207
34208
34209
34210
34211
34212
34221
34234
34244
34254
34263
34267
34268
34269
34270
34271
34273
34274
34308
34309
34310
34311
34312
34313
34314
34315
34316
34317
34318
34319
34320
34321
34322
34323
34324
34325
34326
34327
34337
34340
34341
34344
34348
34353
34355
34357
34359
34363
34364
34365
34368
34369
34371
34374
34375
34377
34378
34379
34381
34382
34383
34384
34386
34388
34389
34392
34394
34396
34397
34398
34401
34403
34416
34417
34418
34419
34420
34421
34422
34423
34424
34425
35168
35169
35170
35173
35178
35179
35181
35187
35188
35189
35190
35191
35192
35193
35194
35195
35196
35197
35198
35199
35215
35216
35217
35218
35219
35220
35224
35225
35226
35227
35239
35241
35242
35244
35246
35249
35252
35253
35255
35256
35257
35258
35259
37669
37670
37671
37672
37674
37675
37676
37677
37678
37679
37680
37974
37975
37976
37977
37980
38096
38272
38286
38292
38293
38294
38375
38506
38508
38533
38534
39159
39171
39179
39180
39196
39562
39637
39642
39982
39983
40463
40464
40852
40868
41204
41207
41505
41508
41512
41806
41807
41809
42269
42270
42271
42358
42359
42360
42362
42674
42676
42677
42678
42886
42888
42895
42896
47832
47835
47836
47837